nx = 5
ny = 5
nz = 5
sigma = 1.0
epsilon= 1.2
rho = 0.8
rc = 1.12246
seed=0
mass=1.0
adjstps = 1000
maxadjstps = 10000
eqstps=100
totsteps = 701000
save_mgl_snapshot = 1000
savemeasure= 200
outstps= 1000
T = 1.0
deltra = 0.1
deltra_2 = 0.5
deltra_cls = 0.5
deltra_rot = 0.785398
k = 20
drmax = 2.5
Ny = 0
Nx = 20
theta = 0.675
gamma = 5
