nx = 15
ny = 15
nz = 1
sigma_1 = 1
sigma_2 = 0.2
epsilon=1.2
rc_1 = 1.12246
rc_2 = 1.12246
seed=0
mass=1.0
adjstps = 1000
maxadjstps = 10000
eqstps=100
totsteps = 150001
save_mgl_snapshot = 100
savemeasure= 10000
outstps= 1000
T = 1.0
deltra = 0.1
deltra_2 = 0.1
deltra_cls = 5.0
deltra_rot = 0.785398
k = 20.0
drmax = 2.5
Ny = 2
Nx = 15
theta_1 = 0.675
theta_2 = 0.0
u = 7
r_sq = 0.67348
delta = 0.1
lb = 1.0
lb_2 = 0.3